theta = 0.2;

A1 = [1 2;4 -30];
B1 = [0 1]';
K1 = [-32 -3.5];
T1 = 40;

A2 = [1 2;5 -20];
B2 = [0 1]';
K2 = [-26.55 -2.54];
T2 = 30;

A3 = [2 0.5;2 -15];
B3 = [0 1]';
K3 = [-119 -3.68];
T3 = 20;

A4 = [-20 1.9;0.9 1];
B4 = [0 1]';
K4 = [-0.12 -2.7];
T4 = 30;